      0.00000000      0.06059790
      0.00833333      0.05723261
      0.01666667      0.05398453
      0.02500000      0.05135149
      0.03333333      0.04953962
      0.04166667      0.04847893
      0.05000000      0.04800612
      0.05833333      0.04796226
      0.06666667      0.04822864
      0.07500000      0.04872982
      0.08333333      0.04942356
      0.09166667      0.05028641
      0.10000000      0.05129895
      0.10833333      0.05243334
      0.11666667      0.05364756
      0.12500000      0.05488966
      0.13333333      0.05611124
      0.14166667      0.05728221
      0.15000000      0.05839626
      0.15833333      0.05946335
      0.16666667      0.06049549
      0.17500000      0.06149595
      0.18333333      0.06245702
      0.19166667      0.06336443
      0.20000000      0.06420338
      0.20833333      0.06496219
      0.21666667      0.06563267
      0.22500000      0.06620787
      0.23333333      0.06667833
      0.24166667      0.06702797
      0.25000000      0.06723219
      0.25833333      0.06726408
      0.26666667      0.06711059
      0.27500000      0.06678180
      0.28333333      0.06630046
      0.29166667      0.06568774
      0.30000000      0.06495918
      0.30833333      0.06412741
      0.31666667      0.06320567
      0.32500000      0.06220889
      0.33333333      0.06115133
      0.34166667      0.06004169
      0.35000000      0.05887958
      0.35833333      0.05765798
      0.36666667      0.05637363
      0.37500000      0.05504008
      0.38333333      0.05369391
      0.39166667      0.05238826
      0.40000000      0.05117770
      0.40833333      0.05010494
      0.41666667      0.04919695
      0.42500000      0.04847155
      0.43333333      0.04795028
      0.44166667      0.04767369
      0.45000000      0.04771592
      0.45833333      0.04819479
      0.46666667      0.04926862
      0.47500000      0.05110041
      0.48333333      0.05376050
      0.49166667      0.05706682
      0.50000000      0.06048279
  
      0.00000000      0.06059968
      0.00833333      0.06336431
      0.01666667      0.06517646
      0.02500000      0.06613928
      0.03333333      0.06659782
      0.04166667      0.06681987
      0.05000000      0.06696250
      0.05833333      0.06710742
      0.06666667      0.06729604
      0.07500000      0.06754881
      0.08333333      0.06787265
      0.09166667      0.06826139
      0.10000000      0.06869398
      0.10833333      0.06913555
      0.11666667      0.06954630
      0.12500000      0.06989795
      0.13333333      0.07018754
      0.14166667      0.07043600
      0.15000000      0.07067155
      0.15833333      0.07091071
      0.16666667      0.07114887
      0.17500000      0.07136350
      0.18333333      0.07152533
      0.19166667      0.07161110
      0.20000000      0.07161194
      0.20833333      0.07153442
      0.21666667      0.07139566
      0.22500000      0.07121770
      0.23333333      0.07102510
      0.24166667      0.07084595
      0.25000000      0.07071258
      0.25833333      0.07065516
      0.26666667      0.07068555
      0.27500000      0.07078792
      0.28333333      0.07092932
      0.29166667      0.07107457
      0.30000000      0.07119232
      0.30833333      0.07125702
      0.31666667      0.07125275
      0.32500000      0.07117894
      0.33333333      0.07105266
      0.34166667      0.07090211
      0.35000000      0.07075202
      0.35833333      0.07060812
      0.36666667      0.07045038
      0.37500000      0.07024232
      0.38333333      0.06995413
      0.39166667      0.06958441
      0.40000000      0.06916292
      0.40833333      0.06873390
      0.41666667      0.06833629
      0.42500000      0.06799356
      0.43333333      0.06771287
      0.44166667      0.06748739
      0.45000000      0.06729618
      0.45833333      0.06709690
      0.46666667      0.06680656
      0.47500000      0.06626719
      0.48333333      0.06521296
      0.49166667      0.06332315
      0.50000000      0.06048392
  
      0.00000000      0.07831911
      0.00833333      0.07744962
      0.01666667      0.07702114
      0.02500000      0.07691100
      0.03333333      0.07698371
      0.04166667      0.07713524
      0.05000000      0.07730939
      0.05833333      0.07748207
      0.06666667      0.07764704
      0.07500000      0.07780828
      0.08333333      0.07797674
      0.09166667      0.07816874
      0.10000000      0.07840348
      0.10833333      0.07869592
      0.11666667      0.07903938
      0.12500000      0.07936342
      0.13333333      0.07945970
      0.14166667      0.07919290
      0.15000000      0.07876737
      0.15833333      0.07833512
      0.16666667      0.07795093
      0.17500000      0.07763852
      0.18333333      0.07741068
      0.19166667      0.07727147
      0.20000000      0.07721427
      0.20833333      0.07722234
      0.21666667      0.07727347
      0.22500000      0.07734568
      0.23333333      0.07742074
      0.24166667      0.07748530
      0.25000000      0.07753062
      0.25833333      0.07755209
      0.26666667      0.07754900
      0.27500000      0.07752477
      0.28333333      0.07748764
      0.29166667      0.07745144
      0.30000000      0.07743573
      0.30833333      0.07746410
      0.31666667      0.07755961
      0.32500000      0.07773852
      0.33333333      0.07800622
      0.34166667      0.07835773
      0.35000000      0.07878056
      0.35833333      0.07925175
      0.36666667      0.07964765
      0.37500000      0.07937698
      0.38333333      0.07896777
      0.39166667      0.07863671
      0.40000000      0.07839292
      0.40833333      0.07821577
      0.41666667      0.07807691
      0.42500000      0.07795104
      0.43333333      0.07781991
      0.44166667      0.07767316
      0.45000000      0.07750870
      0.45833333      0.07733493
      0.46666667      0.07717708
      0.47500000      0.07708958
      0.48333333      0.07716965
      0.49166667      0.07754784
      0.50000000      0.07832356
  
      0.00000000      0.07831994
      0.00833333      0.07958570
      0.01666667      0.08100278
      0.02500000      0.08225089
      0.03333333      0.08316170
      0.04166667      0.08372462
      0.05000000      0.08400161
      0.05833333      0.08406392
      0.06666667      0.08396941
      0.07500000      0.08375888
      0.08333333      0.08345853
      0.09166667      0.08308416
      0.10000000      0.08264678
      0.10833333      0.08216074
      0.11666667      0.08165778
      0.12500000      0.08122203
      0.13333333      0.08105976
      0.14166667      0.08129220
      0.15000000      0.08169834
      0.15833333      0.08211500
      0.16666667      0.08248551
      0.17500000      0.08279294
      0.18333333      0.08303581
      0.19166667      0.08321916
      0.20000000      0.08335053
      0.20833333      0.08343808
      0.21666667      0.08348962
      0.22500000      0.08351218
      0.23333333      0.08351171
      0.24166667      0.08349291
      0.25000000      0.08345913
      0.25833333      0.08341223
      0.26666667      0.08335248
      0.27500000      0.08327850
      0.28333333      0.08318711
      0.29166667      0.08307335
      0.30000000      0.08293050
      0.30833333      0.08275032
      0.31666667      0.08252360
      0.32500000      0.08224124
      0.33333333      0.08189599
      0.34166667      0.08148521
      0.35000000      0.08101541
      0.35833333      0.08051207
      0.36666667      0.08011238
      0.37500000      0.08042845
      0.38333333      0.08094931
      0.39166667      0.08145910
      0.40000000      0.08192975
      0.40833333      0.08235080
      0.41666667      0.08271724
      0.42500000      0.08302264
      0.43333333      0.08325331
      0.44166667      0.08338364
      0.45000000      0.08337258
      0.45833333      0.08316217
      0.46666667      0.08268205
      0.47500000      0.08187244
      0.48333333      0.08074520
      0.49166667      0.07946526
      0.50000000      0.07832548
  
      0.00000000      0.10226515
      0.00833333      0.10176356
      0.01666667      0.10138083
      0.02500000      0.10108896
      0.03333333      0.10085292
      0.04166667      0.10064292
      0.05000000      0.10044613
      0.05833333      0.10026225
      0.06666667      0.10009668
      0.07500000      0.09995598
      0.08333333      0.09984612
      0.09166667      0.09977173
      0.10000000      0.09973439
      0.10833333      0.09972765
      0.11666667      0.09972705
      0.12500000      0.09967719
      0.13333333      0.09949562
      0.14166667      0.09913155
      0.15000000      0.09862753
      0.15833333      0.09807121
      0.16666667      0.09752869
      0.17500000      0.09703547
      0.18333333      0.09660750
      0.19166667      0.09624947
      0.20000000      0.09595937
      0.20833333      0.09573128
      0.21666667      0.09555757
      0.22500000      0.09543051
      0.23333333      0.09534332
      0.24166667      0.09529082
      0.25000000      0.09526980
      0.25833333      0.09527922
      0.26666667      0.09532031
      0.27500000      0.09539661
      0.28333333      0.09551389
      0.29166667      0.09567987
      0.30000000      0.09590358
      0.30833333      0.09619423
      0.31666667      0.09655930
      0.32500000      0.09700200
      0.33333333      0.09751787
      0.34166667      0.09808941
      0.35000000      0.09867519
      0.35833333      0.09919168
      0.36666667      0.09952354
      0.37500000      0.09963376
      0.38333333      0.09961336
      0.39166667      0.09956337
      0.40000000      0.09953738
      0.40833333      0.09955412
      0.41666667      0.09961525
      0.42500000      0.09971611
      0.43333333      0.09985031
      0.44166667      0.10001099
      0.45000000      0.10019104
      0.45833333      0.10038434
      0.46666667      0.10058995
      0.47500000      0.10081919
      0.48333333      0.10110095
      0.49166667      0.10147460
      0.50000000      0.10196320
  
      0.00000000      0.10226551
      0.00833333      0.10285896
      0.01666667      0.10348218
      0.02500000      0.10406072
      0.03333333      0.10455320
      0.04166667      0.10494586
      0.05000000      0.10524104
      0.05833333      0.10544271
      0.06666667      0.10554907
      0.07500000      0.10555110
      0.08333333      0.10543506
      0.09166667      0.10518785
      0.10000000      0.10480509
      0.10833333      0.10430190
      0.11666667      0.10372471
      0.12500000      0.10315940
      0.13333333      0.10271705
      0.14166667      0.10246545
      0.15000000      0.10236536
      0.15833333      0.10232516
      0.16666667      0.10227650
      0.17500000      0.10218849
      0.18333333      0.10205626
      0.19166667      0.10188915
      0.20000000      0.10170259
      0.20833333      0.10151307
      0.21666667      0.10133547
      0.22500000      0.10118194
      0.23333333      0.10106156
      0.24166667      0.10098051
      0.25000000      0.10094227
      0.25833333      0.10094786
      0.26666667      0.10099592
      0.27500000      0.10108270
      0.28333333      0.10120192
      0.29166667      0.10134450
      0.30000000      0.10149833
      0.30833333      0.10164840
      0.31666667      0.10177779
      0.32500000      0.10187034
      0.33333333      0.10191590
      0.34166667      0.10191943
      0.35000000      0.10191586
      0.35833333      0.10198931
      0.36666667      0.10225850
      0.37500000      0.10275778
      0.38333333      0.10338047
      0.39166667      0.10399787
      0.40000000      0.10452576
      0.40833333      0.10492237
      0.41666667      0.10517597
      0.42500000      0.10529292
      0.43333333      0.10528757
      0.44166667      0.10517450
      0.45000000      0.10496351
      0.45833333      0.10465741
      0.46666667      0.10425363
      0.47500000      0.10375189
      0.48333333      0.10316836
      0.49166667      0.10254888
      0.50000000      0.10196415
  
      0.00000000      0.26458781
      0.00833333      0.26209292
      0.01666667      0.25996967
      0.02500000      0.25839840
      0.03333333      0.25737543
      0.04166667      0.25679326
      0.05000000      0.25652737
      0.05833333      0.25647901
      0.06666667      0.25658838
      0.07500000      0.25683305
      0.08333333      0.25721817
      0.09166667      0.25776097
      0.10000000      0.25847128
      0.10833333      0.25932970
      0.11666667      0.26026119
      0.12500000      0.26064819
      0.13333333      0.26019346
      0.14166667      0.25951870
      0.15000000      0.25872861
      0.15833333      0.25792543
      0.16666667      0.25718547
      0.17500000      0.25655122
      0.18333333      0.25603793
      0.19166667      0.25564271
      0.20000000      0.25535187
      0.20833333      0.25514625
      0.21666667      0.25500525
      0.22500000      0.25490961
      0.23333333      0.25484323
      0.24166667      0.25479428
      0.25000000      0.25475582
      0.25833333      0.25472607
      0.26666667      0.25470849
      0.27500000      0.25471141
      0.28333333      0.25474771
      0.29166667      0.25483411
      0.30000000      0.25499019
      0.30833333      0.25523664
      0.31666667      0.25559242
      0.32500000      0.25607068
      0.33333333      0.25667351
      0.34166667      0.25738556
      0.35000000      0.25816743
      0.35833333      0.25895278
      0.36666667      0.25965631
      0.37500000      0.26019310
      0.38333333      0.26046592
      0.39166667      0.25973208
      0.40000000      0.25886419
      0.40833333      0.25813535
      0.41666667      0.25757189
      0.42500000      0.25716372
      0.43333333      0.25689230
      0.44166667      0.25675181
      0.45000000      0.25676535
      0.45833333      0.25699439
      0.46666667      0.25753931
      0.47500000      0.25852515
      0.48333333      0.26005826
      0.49166667      0.26214220
      0.50000000      0.26458761
  
      0.00000000      0.26458820
      0.00833333      0.26354231
      0.01666667      0.26258019
      0.02500000      0.26175561
      0.03333333      0.26109286
      0.04166667      0.26059227
      0.05000000      0.26024396
      0.05833333      0.26003585
      0.06666667      0.25995617
      0.07500000      0.25999243
      0.08333333      0.26012899
      0.09166667      0.26034266
      0.10000000      0.26059327
      0.10833333      0.26080720
      0.11666667      0.26087439
      0.12500000      0.26116471
      0.13333333      0.26170857
      0.14166667      0.26174876
      0.15000000      0.26143141
      0.15833333      0.26095017
      0.16666667      0.26041170
      0.17500000      0.25987368
      0.18333333      0.25936817
      0.19166667      0.25891317
      0.20000000      0.25851809
      0.20833333      0.25818654
      0.21666667      0.25791829
      0.22500000      0.25771114
      0.23333333      0.25756229
      0.24166667      0.25746921
      0.25000000      0.25743009
      0.25833333      0.25744401
      0.26666667      0.25751116
      0.27500000      0.25763310
      0.28333333      0.25781282
      0.29166667      0.25805452
      0.30000000      0.25836269
      0.30833333      0.25874063
      0.31666667      0.25918835
      0.32500000      0.25969964
      0.33333333      0.26025690
      0.34166667      0.26082022
      0.35000000      0.26131159
      0.35833333      0.26162683
      0.36666667      0.26168877
      0.37500000      0.26139907
      0.38333333      0.26071424
      0.39166667      0.26060506
      0.40000000      0.26049825
      0.40833333      0.26031876
      0.41666667      0.26014402
      0.42500000      0.26002379
      0.43333333      0.25999036
      0.44166667      0.26006662
      0.45000000      0.26026973
      0.45833333      0.26061354
      0.46666667      0.26111038
      0.47500000      0.26176956
      0.48333333      0.26259008
      0.49166667      0.26354836
      0.50000000      0.26458805
  
      0.00000000      0.26458829
      0.00833333      0.26441669
      0.01666667      0.26423980
      0.02500000      0.26405594
      0.03333333      0.26386610
      0.04166667      0.26367436
      0.05000000      0.26348710
      0.05833333      0.26331148
      0.06666667      0.26315357
      0.07500000      0.26301682
      0.08333333      0.26290156
      0.09166667      0.26280649
      0.10000000      0.26273365
      0.10833333      0.26269803
      0.11666667      0.26273022
      0.12500000      0.26284466
      0.13333333      0.26306069
      0.14166667      0.26338204
      0.15000000      0.26361754
      0.15833333      0.26368183
      0.16666667      0.26364288
      0.17500000      0.26357316
      0.18333333      0.26350482
      0.19166667      0.26344692
      0.20000000      0.26339983
      0.20833333      0.26336119
      0.21666667      0.26332819
      0.22500000      0.26329830
      0.23333333      0.26326953
      0.24166667      0.26324047
      0.25000000      0.26321026
      0.25833333      0.26317859
      0.26666667      0.26314566
      0.27500000      0.26311230
      0.28333333      0.26307998
      0.29166667      0.26305101
      0.30000000      0.26302869
      0.30833333      0.26301766
      0.31666667      0.26302441
      0.32500000      0.26305827
      0.33333333      0.26313353
      0.34166667      0.26327193
      0.35000000      0.26348616
      0.35833333      0.26364264
      0.36666667      0.26336408
      0.37500000      0.26282376
      0.38333333      0.26249276
      0.39166667      0.26239333
      0.40000000      0.26241956
      0.40833333      0.26250819
      0.41666667      0.26263074
      0.42500000      0.26277943
      0.43333333      0.26295248
      0.44166667      0.26314702
      0.45000000      0.26335729
      0.45833333      0.26357545
      0.46666667      0.26379348
      0.47500000      0.26400507
      0.48333333      0.26420712
      0.49166667      0.26440028
      0.50000000      0.26458812
  
      0.00000000      0.26458896
      0.00833333      0.26475931
      0.01666667      0.26493312
      0.02500000      0.26511247
      0.03333333      0.26529690
      0.04166667      0.26548291
      0.05000000      0.26566474
      0.05833333      0.26583574
      0.06666667      0.26599022
      0.07500000      0.26612501
      0.08333333      0.26623996
      0.09166667      0.26633658
      0.10000000      0.26641323
      0.10833333      0.26645564
      0.11666667      0.26643407
      0.12500000      0.26633236
      0.13333333      0.26612008
      0.14166667      0.26578868
      0.15000000      0.26554966
      0.15833333      0.26549149
      0.16666667      0.26554080
      0.17500000      0.26562066
      0.18333333      0.26569675
      0.19166667      0.26575932
      0.20000000      0.26580809
      0.20833333      0.26584579
      0.21666667      0.26587567
      0.22500000      0.26590069
      0.23333333      0.26592319
      0.24166667      0.26594490
      0.25000000      0.26596702
      0.25833333      0.26599021
      0.26666667      0.26601461
      0.27500000      0.26603985
      0.28333333      0.26606487
      0.29166667      0.26608783
      0.30000000      0.26610581
      0.30833333      0.26611445
      0.31666667      0.26610732
      0.32500000      0.26607498
      0.33333333      0.26600289
      0.34166667      0.26586925
      0.35000000      0.26566199
      0.35833333      0.26551505
      0.36666667      0.26580388
      0.37500000      0.26635362
      0.38333333      0.26669327
      0.39166667      0.26680082
      0.40000000      0.26678206
      0.40833333      0.26669954
      0.41666667      0.26658133
      0.42500000      0.26643489
      0.43333333      0.26626178
      0.44166667      0.26606486
      0.45000000      0.26585014
      0.45833333      0.26562599
      0.46666667      0.26540121
      0.47500000      0.26518298
      0.48333333      0.26497534
      0.49166667      0.26477842
      0.50000000      0.26458898
  
      0.00000000      0.26458906
      0.00833333      0.26563492
      0.01666667      0.26659738
      0.02500000      0.26742276
      0.03333333      0.26808682
      0.04166667      0.26858919
      0.05000000      0.26893964
      0.05833333      0.26914994
      0.06666667      0.26923145
      0.07500000      0.26919612
      0.08333333      0.26905920
      0.09166667      0.26884389
      0.10000000      0.26859072
      0.10833333      0.26837372
      0.11666667      0.26830319
      0.12500000      0.26801242
      0.13333333      0.26746858
      0.14166667      0.26744288
      0.15000000      0.26776923
      0.15833333      0.26825065
      0.16666667      0.26878530
      0.17500000      0.26931904
      0.18333333      0.26982122
      0.19166667      0.27027396
      0.20000000      0.27066756
      0.20833333      0.27099812
      0.21666667      0.27126557
      0.22500000      0.27147185
      0.23333333      0.27161950
      0.24166667      0.27171075
      0.25000000      0.27174719
      0.25833333      0.27172961
      0.26666667      0.27165787
      0.27500000      0.27153062
      0.28333333      0.27134529
      0.29166667      0.27109826
      0.30000000      0.27078574
      0.30833333      0.27040512
      0.31666667      0.26995700
      0.32500000      0.26944798
      0.33333333      0.26889562
      0.34166667      0.26833907
      0.35000000      0.26785453
      0.35833333      0.26754427
      0.36666667      0.26748588
      0.37500000      0.26777831
      0.38333333      0.26846603
      0.39166667      0.26858586
      0.40000000      0.26869712
      0.40833333      0.26887970
      0.41666667      0.26905617
      0.42500000      0.26917667
      0.43333333      0.26920888
      0.44166667      0.26913009
      0.45000000      0.26892354
      0.45833333      0.26857589
      0.46666667      0.26807530
      0.47500000      0.26741281
      0.48333333      0.26658964
      0.49166667      0.26562956
      0.50000000      0.26458921
  
      0.00000000      0.26458952
      0.00833333      0.26708849
      0.01666667      0.26922221
      0.02500000      0.27080687
      0.03333333      0.27184291
      0.04166667      0.27243565
      0.05000000      0.27270840
      0.05833333      0.27275948
      0.06666667      0.27264896
      0.07500000      0.27240006
      0.08333333      0.27200861
      0.09166667      0.27145815
      0.10000000      0.27073921
      0.10833333      0.26987112
      0.11666667      0.26892883
      0.12500000      0.26852907
      0.13333333      0.26898267
      0.14166667      0.26965827
      0.15000000      0.27044976
      0.15833333      0.27125403
      0.16666667      0.27199426
      0.17500000      0.27262806
      0.18333333      0.27314060
      0.19166667      0.27353520
      0.20000000      0.27382586
      0.20833333      0.27403179
      0.21666667      0.27417344
      0.22500000      0.27426975
      0.23333333      0.27433639
      0.24166667      0.27438475
      0.25000000      0.27442141
      0.25833333      0.27444789
      0.26666667      0.27446078
      0.27500000      0.27445197
      0.28333333      0.27440909
      0.29166667      0.27431609
      0.30000000      0.27415408
      0.30833333      0.27390305
      0.31666667      0.27354463
      0.32500000      0.27306607
      0.33333333      0.27246548
      0.34166667      0.27175814
      0.35000000      0.27098310
      0.35833333      0.27020615
      0.36666667      0.26951185
      0.37500000      0.26898411
      0.38333333      0.26871775
      0.39166667      0.26944698
      0.40000000      0.27031319
      0.40833333      0.27103927
      0.41666667      0.27159963
      0.42500000      0.27200506
      0.43333333      0.27227465
      0.44166667      0.27241443
      0.45000000      0.27240118
      0.45833333      0.27217319
      0.46666667      0.27162988
      0.47500000      0.27064616
      0.48333333      0.26911553
      0.49166667      0.26703379
      0.50000000      0.26458945
  
      0.00000000      0.42691155
      0.00833333      0.42631790
      0.01666667      0.42569490
      0.02500000      0.42511675
      0.03333333      0.42462446
      0.04166667      0.42423156
      0.05000000      0.42393572
      0.05833333      0.42373309
      0.06666667      0.42362567
      0.07500000      0.42362262
      0.08333333      0.42373782
      0.09166667      0.42398455
      0.10000000      0.42436733
      0.10833333      0.42487128
      0.11666667      0.42545011
      0.12500000      0.42601779
      0.13333333      0.42646271
      0.14166667      0.42671667
      0.15000000      0.42681879
      0.15833333      0.42686053
      0.16666667      0.42691003
      0.17500000      0.42699810
      0.18333333      0.42712976
      0.19166667      0.42729593
      0.20000000      0.42748147
      0.20833333      0.42767004
      0.21666667      0.42784681
      0.22500000      0.42799954
      0.23333333      0.42811896
      0.24166667      0.42819865
      0.25000000      0.42823493
      0.25833333      0.42822664
      0.26666667      0.42817515
      0.27500000      0.42808439
      0.28333333      0.42796094
      0.29166667      0.42781435
      0.30000000      0.42765716
      0.30833333      0.42750483
      0.31666667      0.42737454
      0.32500000      0.42728254
      0.33333333      0.42723886
      0.34166667      0.42723835
      0.35000000      0.42724592
      0.35833333      0.42717734
      0.36666667      0.42691364
      0.37500000      0.42641948
      0.38333333      0.42580083
      0.39166667      0.42518631
      0.40000000      0.42466039
      0.40833333      0.42426500
      0.41666667      0.42401196
      0.42500000      0.42389494
      0.43333333      0.42389959
      0.44166667      0.42401135
      0.45000000      0.42422055
      0.45833333      0.42452459
      0.46666667      0.42492629
      0.47500000      0.42542622
      0.48333333      0.42600853
      0.49166667      0.42662763
      0.50000000      0.42721309
  
      0.00000000      0.42691190
      0.00833333      0.42741395
      0.01666667      0.42779752
      0.02500000      0.42809045
      0.03333333      0.42832745
      0.04166667      0.42853798
      0.05000000      0.42873463
      0.05833333      0.42891764
      0.06666667      0.42908178
      0.07500000      0.42922070
      0.08333333      0.42932876
      0.09166667      0.42940163
      0.10000000      0.42943808
      0.10833333      0.42944489
      0.11666667      0.42944690
      0.12500000      0.42949986
      0.13333333      0.42968657
      0.14166667      0.43005755
      0.15000000      0.43056930
      0.15833333      0.43113312
      0.16666667      0.43168210
      0.17500000      0.43218013
      0.18333333      0.43261081
      0.19166667      0.43296925
      0.20000000      0.43325750
      0.20833333      0.43348171
      0.21666667      0.43364985
      0.22500000      0.43377009
      0.23333333      0.43384968
      0.24166667      0.43389424
      0.25000000      0.43390740
      0.25833333      0.43389055
      0.26666667      0.43384274
      0.27500000      0.43376065
      0.28333333      0.43363868
      0.29166667      0.43346922
      0.30000000      0.43324335
      0.30833333      0.43295193
      0.31666667      0.43258754
      0.32500000      0.43214696
      0.33333333      0.43163456
      0.34166667      0.43106757
      0.35000000      0.43048699
      0.35833333      0.42997570
      0.36666667      0.42964871
      0.37500000      0.42954349
      0.38333333      0.42956945
      0.39166667      0.42962531
      0.40000000      0.42965685
      0.40833333      0.42964470
      0.41666667      0.42958663
      0.42500000      0.42948703
      0.43333333      0.42935228
      0.44166667      0.42918947
      0.45000000      0.42900619
      0.45833333      0.42880904
      0.46666667      0.42859943
      0.47500000      0.42836637
      0.48333333      0.42808114
      0.49166667      0.42770463
      0.50000000      0.42721403
  
      0.00000000      0.45085720
      0.00833333      0.44959232
      0.01666667      0.44817797
      0.02500000      0.44693362
      0.03333333      0.44602604
      0.04166667      0.44546509
      0.05000000      0.44518878
      0.05833333      0.44512604
      0.06666667      0.44521928
      0.07500000      0.44542798
      0.08333333      0.44572628
      0.09166667      0.44609870
      0.10000000      0.44653443
      0.10833333      0.44701917
      0.11666667      0.44752097
      0.12500000      0.44795512
      0.13333333      0.44811479
      0.14166667      0.44787982
      0.15000000      0.44747126
      0.15833333      0.44705162
      0.16666667      0.44667751
      0.17500000      0.44636623
      0.18333333      0.44611990
      0.19166667      0.44593422
      0.20000000      0.44580217
      0.20833333      0.44571581
      0.21666667      0.44566723
      0.22500000      0.44564904
      0.23333333      0.44565475
      0.24166667      0.44567906
      0.25000000      0.44571803
      0.25833333      0.44576930
      0.26666667      0.44583226
      0.27500000      0.44590812
      0.28333333      0.44600003
      0.29166667      0.44611307
      0.30000000      0.44625418
      0.30833333      0.44643189
      0.31666667      0.44665578
      0.32500000      0.44693539
      0.33333333      0.44727843
      0.34166667      0.44768794
      0.35000000      0.44815764
      0.35833333      0.44866201
      0.36666667      0.44906312
      0.37500000      0.44874878
      0.38333333      0.44822999
      0.39166667      0.44772128
      0.40000000      0.44725108
      0.40833333      0.44683019
      0.41666667      0.44646383
      0.42500000      0.44615842
      0.43333333      0.44592752
      0.44166667      0.44579664
      0.45000000      0.44580682
      0.45833333      0.44601625
      0.46666667      0.44649576
      0.47500000      0.44730553
      0.48333333      0.44843346
      0.49166667      0.44971348
      0.50000000      0.45085183
  
      0.00000000      0.45085803
      0.00833333      0.45172748
      0.01666667      0.45215586
      0.02500000      0.45226585
      0.03333333      0.45219324
      0.04166667      0.45204215
      0.05000000      0.45186882
      0.05833333      0.45169719
      0.06666667      0.45153327
      0.07500000      0.45137283
      0.08333333      0.45120470
      0.09166667      0.45101244
      0.10000000      0.45077688
      0.10833333      0.45048324
      0.11666667      0.45013852
      0.12500000      0.44981366
      0.13333333      0.44971732
      0.14166667      0.44998333
      0.15000000      0.45040686
      0.15833333      0.45083636
      0.16666667      0.45121741
      0.17500000      0.45152674
      0.18333333      0.45175219
      0.19166667      0.45189035
      0.20000000      0.45194817
      0.20833333      0.45194226
      0.21666667      0.45189424
      0.22500000      0.45182539
      0.23333333      0.45175332
      0.24166667      0.45169092
      0.25000000      0.45164661
      0.25833333      0.45162481
      0.26666667      0.45162620
      0.27500000      0.45164744
      0.28333333      0.45168055
      0.29166667      0.45171210
      0.30000000      0.45172312
      0.30833333      0.45169075
      0.31666667      0.45159272
      0.32500000      0.45141338
      0.33333333      0.45114758
      0.34166667      0.45079997
      0.35000000      0.45038228
      0.35833333      0.44991653
      0.36666667      0.44952574
      0.37500000      0.44980016
      0.38333333      0.45021115
      0.39166667      0.45054353
      0.40000000      0.45078845
      0.40833333      0.45096655
      0.41666667      0.45110601
      0.42500000      0.45123189
      0.43333333      0.45136228
      0.44166667      0.45150755
      0.45000000      0.45166996
      0.45833333      0.45184146
      0.46666667      0.45199732
      0.47500000      0.45208368
      0.48333333      0.45200384
      0.49166667      0.45162724
      0.50000000      0.45085371
  
      0.00000000      0.46857737
      0.00833333      0.46581593
      0.01666667      0.46400836
      0.02500000      0.46304802
      0.03333333      0.46258947
      0.04166667      0.46236557
      0.05000000      0.46221988
      0.05833333      0.46207126
      0.06666667      0.46187882
      0.07500000      0.46162264
      0.08333333      0.46129626
      0.09166667      0.46090624
      0.10000000      0.46047385
      0.10833333      0.46003407
      0.11666667      0.45962656
      0.12500000      0.45927920
      0.13333333      0.45899444
      0.14166667      0.45875094
      0.15000000      0.45852030
      0.15833333      0.45828614
      0.16666667      0.45805313
      0.17500000      0.45784358
      0.18333333      0.45768604
      0.19166667      0.45760279
      0.20000000      0.45760193
      0.20833333      0.45767674
      0.21666667      0.45781053
      0.22500000      0.45798193
      0.23333333      0.45816709
      0.24166667      0.45833858
      0.25000000      0.45846465
      0.25833333      0.45851559
      0.26666667      0.45847967
      0.27500000      0.45837267
      0.28333333      0.45822758
      0.29166667      0.45807981
      0.30000000      0.45796088
      0.30833333      0.45789629
      0.31666667      0.45790169
      0.32500000      0.45797722
      0.33333333      0.45810549
      0.34166667      0.45825820
      0.35000000      0.45841084
      0.35833333      0.45855813
      0.36666667      0.45872059
      0.37500000      0.45893492
      0.38333333      0.45923061
      0.39166667      0.45960812
      0.40000000      0.46003657
      0.40833333      0.46047091
      0.41666667      0.46087180
      0.42500000      0.46121572
      0.43333333      0.46149561
      0.44166667      0.46171852
      0.45000000      0.46190567
      0.45833333      0.46209982
      0.46666667      0.46238445
      0.47500000      0.46291822
      0.48333333      0.46396797
      0.49166667      0.46585531
      0.50000000      0.46869332
  
      0.00000000      0.46857924
      0.00833333      0.47194767
      0.01666667      0.47520653
      0.02500000      0.47785466
      0.03333333      0.47968179
      0.04166667      0.48075508
      0.05000000      0.48123648
      0.05833333      0.48128443
      0.06666667      0.48101767
      0.07500000      0.48051198
      0.08333333      0.47981019
      0.09166667      0.47893653
      0.10000000      0.47791150
      0.10833333      0.47676424
      0.11666667      0.47553835
      0.12500000      0.47428743
      0.13333333      0.47306124
      0.14166667      0.47189056
      0.15000000      0.47078138
      0.15833333      0.46972237
      0.16666667      0.46869953
      0.17500000      0.46770754
      0.18333333      0.46675260
      0.19166667      0.46584825
      0.20000000      0.46500933
      0.20833333      0.46424801
      0.21666667      0.46357311
      0.22500000      0.46299216
      0.23333333      0.46251497
      0.24166667      0.46215773
      0.25000000      0.46194502
      0.25833333      0.46190375
      0.26666667      0.46204734
      0.27500000      0.46236641
      0.28333333      0.46283894
      0.29166667      0.46344442
      0.30000000      0.46416797
      0.30833333      0.46499752
      0.31666667      0.46592028
      0.32500000      0.46692141
      0.33333333      0.46798624
      0.34166667      0.46910516
      0.35000000      0.47027724
      0.35833333      0.47150801
      0.36666667      0.47279942
      0.37500000      0.47413713
      0.38333333      0.47548440
      0.39166667      0.47678854
      0.40000000      0.47799570
      0.40833333      0.47906401
      0.41666667      0.47996722
      0.42500000      0.48068817
      0.43333333      0.48120588
      0.44166667      0.48148024
      0.45000000      0.48143751
      0.45833333      0.48096012
      0.46666667      0.47988983
      0.47500000      0.47806336
      0.48333333      0.47540930
      0.49166667      0.47210793
      0.50000000      0.46869444
  
